[[[0.027243493, 0.99882233, 0.04014797, 0.0], [-0.9984472, 0.029141588, -0.04747645, 0.0], [-0.048590533, -0.038792208, 0.99806523, 0.0], [-0.00083493773, -0.001376576, -0.4031215, 1.0]]
[[0.02850977, 0.99887246, 0.037959423, 0.0], [-0.99813795, 0.030496404, -0.05282863, 0.0], [-0.05392671, -0.036382608, 0.99788195, 0.0], [0.0003919834, -0.0012882572, -0.40379512, 1.0]]
[[0.028584383, 0.9988571, 0.03830739, 0.0], [-0.99806756, 0.030635038, -0.0540596, 0.0], [-0.05517137, -0.036688104, 0.99780256, 0.0], [0.00041347434, -0.0010911396, -0.4038372, 1.0]]
[[0.027294872, 0.99901927, 0.034864783, 0.0], [-0.99696, 0.029751765, -0.07201224, 0.0], [-0.072978914, -0.03279323, 0.9967941, 0.0], [-0.0009312843, -0.001121472, -0.40363064, 1.0]]
[[0.02656878, 0.9990118, 0.03563239, 0.0], [-0.9964255, 0.02932569, -0.07922287, 0.0], [-0.08018947, -0.03340017, 0.99621993, 0.0], [-0.0013705307, -0.0012016383, -0.40366465, 1.0000001]]
[[0.022704344, 0.99876094, 0.044282243, 0.0], [-0.9900338, 0.028619671, -0.13789153, 0.0], [-0.13898808, -0.04071018, 0.989457, 0.0], [-0.004333161, -0.00093354116, -0.4067002, 1.0]]
[[0.022868812, 0.9987539, 0.044357713, 0.0], [-0.98861045, 0.029193603, -0.14763778, 0.0], [-0.14874879, -0.040476203, 0.98804617, 0.0], [-0.0047120466, -0.0009564167, -0.40745285, 1.0]]
[[0.022420187, 0.99910426, 0.035885528, 0.0], [-0.9759942, 0.02965147, -0.21576782, 0.0], [-0.21663865, -0.030186512, 0.975785, 0.0], [-0.007551686, -0.0005978161, -0.4107536, 1.0]]
[[0.023736294, 0.99906516, 0.03612942, 0.0], [-0.97377735, 0.031284556, -0.22534116, 0.0], [-0.22626084, -0.029833255, 0.9736096, 0.0], [-0.0080339275, -0.00027742717, -0.41145098, 1.0]]
[[0.030640563, 0.9993051, 0.021223482, 0.0], [-0.9603629, 0.035319034, -0.2765058, 0.0], [-0.2770633, -0.011909955, 0.9607778, 0.0], [-0.01107853, -3.1652764e-06, -0.41314727, 1.0]]
[[0.030716067, 0.9993295, 0.01992931, 0.0], [-0.95858324, 0.0351003, -0.28264204, 0.0], [-0.28315204, -0.01042224, 0.9590185, 0.0], [-0.011457241, -3.4752993e-05, -0.41373014, 1.0]]
[[0.036317945, 0.99915886, 0.019042242, 0.0], [-0.95096123, 0.040410418, -0.30665916, 0.0], [-0.30717075, -0.0069712065, 0.95162874, 0.0], [-0.011969689, 2.3338938e-05, -0.4153128, 0.99999994]]
[[0.03774563, 0.9991342, 0.017484179, 0.0], [-0.95035696, 0.041299842, -0.30840793, 0.0], [-0.30886307, -0.0049751634, 0.95109326, 0.0], [-0.011882462, 8.835098e-05, -0.41535878, 0.99999994]]
[[0.03407835, 0.99905396, 0.027022919, 0.0], [-0.9584692, 0.040330585, -0.28233, 0.0], [-0.28315264, -0.016279297, 0.9589367, 0.0], [-0.010446654, -0.000180962, -0.4119542, 1.0]]
[[0.034585208, 0.9989537, 0.02992515, 0.0], [-0.9624894, 0.041355565, -0.26814905, 0.0], [-0.26910603, -0.019528655, 0.96291256, 0.0], [-0.009637633, -0.00029727034, -0.41162172, 1.0000001]]
[[0.037942212, 0.99876124, 0.03219285, 0.0], [-0.9837531, 0.042990334, -0.1743033, 0.0], [-0.17547132, -0.025056366, 0.9841657, 0.0], [-0.0046453783, -0.00084778277, -0.40803862, 1.0]]
[[0.03851936, 0.9988069, 0.030018548, 0.0], [-0.9858605, 0.04288846, -0.16198574, 0.0], [-0.1630799, -0.023354521, 0.9863364, 0.0], [-0.003678455, -0.001190553, -0.40620244, 1.0]]
[[0.047800682, 0.9982117, 0.03589783, 0.0], [-0.9956721, 0.050485134, -0.07802838, 0.0], [-0.07970115, -0.032012653, 0.99630475, 0.0], [0.0006094461, -0.0005686145, -0.39980942, 1.0]]
[[0.045964688, 0.99830717, 0.035638917, 0.0], [-0.99697864, 0.04808149, -0.061009094, 0.0], [-0.062619336, -0.03272696, 0.99750084, 0.0], [0.0009796389, -0.0007055048, -0.39763787, 1.0]]
[[0.045829166, 0.9979423, 0.04484498, 0.0], [-0.99869585, 0.044760317, 0.024555663, 0.0], [0.02249782, -0.045911863, 0.9986921, 0.0], [0.004601703, 0.00065703, -0.39365533, 0.99999994]]
[[0.046626735, 0.99785423, 0.045965258, 0.0], [-0.99775654, 0.044310465, 0.050184343, 0.0], [0.048039902, -0.048202068, 0.99768156, 0.0], [0.005565, 0.0006575941, -0.39220536, 0.9999999]]
[[0.045394752, 0.9979675, 0.044720303, 0.0], [-0.99187905, 0.03970334, 0.12082817, 0.0], [0.11880705, -0.049842108, 0.9916655, 0.0], [0.011105692, -0.00056927575, -0.38656425, 0.9999999]]
[[0.04596149, 0.9979332, 0.044907372, 0.0], [-0.99001896, 0.03950925, 0.1352819, 0.0], [0.13322803, -0.050676916, 0.98978883, 0.0], [0.012285556, -0.00073851564, -0.3855113, 1.0]]
[[0.051487606, 0.99816215, 0.031954665, 0.0], [-0.98268425, 0.044934567, 0.1797569, 0.0], [0.17799069, -0.040656596, 0.98319185, 0.0], [0.0151548665, 7.8043755e-05, -0.3837986, 1.0]]
[[0.0543855, 0.99816984, 0.026441038, 0.0], [-0.9806984, 0.04841542, 0.1894383, 0.0], [0.18781154, -0.036233377, 0.98153657, 0.0], [0.015632385, 0.0004556502, -0.38354585, 1.0]]
[[0.057474673, 0.99820876, 0.016615277, 0.0], [-0.97790766, 0.05293977, 0.20222242, 0.0], [0.20098065, -0.027870871, 0.97919863, 0.0], [0.016750703, 0.0020036746, -0.38317376, 1.0]]
[[0.056282043, 0.9982915, 0.015694272, 0.0], [-0.9775472, 0.051901866, 0.20422482, 0.0], [0.20306128, -0.026836079, 0.9787983, 0.0], [0.016562909, 0.0022717814, -0.38301608, 1.0]]
[[0.054893542, 0.9982246, 0.023110293, 0.0], [-0.9809454, 0.049594432, 0.18784638, 0.0], [0.18636677, -0.032981493, 0.98192644, 0.0], [0.015653765, 0.0028033676, -0.38406244, 0.9999999]]
[[0.05213086, 0.9983924, 0.022245519, 0.0], [-0.98323405, 0.047416214, 0.17607409, 0.0], [0.17473625, -0.031051448, 0.98412555, 0.0], [0.015245446, 0.0025916381, -0.3846505, 0.9999999]]
[[0.055123866, 0.9979426, 0.032735776, 0.0], [-0.9897005, 0.050271787, 0.13403532, 0.0], [0.13211389, -0.039787162, 0.9904357, 0.0], [0.011958824, 0.002923252, -0.3855265, 1.0]]
[[0.05792004, 0.9978458, 0.030806502, 0.0], [-0.9908492, 0.053690776, 0.12383491, 0.0], [0.121914074, -0.03769713, 0.9918246, 0.0], [0.010925255, 0.002963718, -0.38521934, 1.0000001]]
[[0.062497493, 0.9973917, 0.036108777, 0.0], [-0.99612075, 0.060090467, 0.06428659, 0.0], [0.06194911, -0.039986458, 0.9972779, 0.0], [0.009624291, 0.0033019043, -0.38862845, 1.0]]
[[0.061463904, 0.9972403, 0.04164092, 0.0], [-0.99647874, 0.058926377, 0.059645906, 0.0], [0.057027593, -0.04516038, 0.9973505, 0.0], [0.010647766, 0.0021776238, -0.39022464, 1.0]]
[[0.028943961, 0.9982076, 0.052381728, 0.0], [-0.99938, 0.027847243, 0.021547342, 0.0], [0.020050038, -0.05297291, 0.9983947, 0.0], [0.018073557, -0.00080591167, -0.3971309, 1.0]]
[[0.026172027, 0.99795383, 0.058336534, 0.0], [-0.99962896, 0.025686208, 0.009062424, 0.0], [0.007545444, -0.058552064, 0.9982559, 0.0], [0.017745329, -0.0001577894, -0.3976065, 0.9999999]]
[[0.033947993, 0.99725646, 0.065780856, 0.0], [-0.99918324, 0.03530938, -0.019644603, 0.0], [-0.02191336, -0.065060236, 0.9976408, 0.0], [0.014957341, 0.006341878, -0.39938435, 1.0]]
[[0.035794172, 0.9970094, 0.06849166, 0.0], [-0.999143, 0.03712768, -0.018296368, 0.0], [-0.020784544, -0.067778066, 0.99748385, 0.0], [0.013437424, 0.008395949, -0.39928326, 1.0]]
[[0.03848823, 0.9967397, 0.070911765, 0.0], [-0.9983199, 0.041430805, -0.040503196, 0.0], [-0.04330911, -0.06923374, 0.9966598, 0.0], [0.011860413, 0.009663296, -0.40120906, 0.99999994]]
[[0.038373027, 0.9967317, 0.07108784, 0.0], [-0.9982454, 0.04144715, -0.04228559, 0.0], [-0.04509377, -0.06934049, 0.9965734, 0.0], [0.011722154, 0.008587045, -0.40127924, 1.0]]
[[0.030364636, 0.99690825, 0.07246922, 0.0], [-0.9982535, 0.033921793, -0.04836973, 0.0], [-0.050678477, -0.07087392, 0.9961971, 0.0], [0.0131377075, 0.0052482947, -0.40238768, 1.0000001]]
[[0.029036978, 0.9969466, 0.072486825, 0.0], [-0.998182, 0.032751787, -0.050596688, 0.0], [-0.05281631, -0.070885874, 0.9960851, 0.0], [0.013143731, 0.0047920793, -0.40248573, 0.9999999]]
[[0.025589127, 0.9969019, 0.07437519, 0.0], [-0.9983444, 0.029318025, -0.04948461, 0.0], [-0.051511865, -0.07298581, 0.99600166, 0.0], [0.015178437, 0.002993362, -0.40312672, 1.0]]
[[0.024203451, 0.9970632, 0.07265608, 0.0], [-0.99824136, 0.028038047, -0.052229885, 0.0], [-0.054113675, -0.07126417, 0.9959885, 0.0], [0.015443786, 0.0020918134, -0.40301108, 0.99999994]]
[[0.02092082, 0.99731874, 0.07012518, 0.0], [-0.99794567, 0.025079029, -0.058950845, 0.0], [-0.06055142, -0.068747856, 0.9957947, 0.0], [0.016805392, 0.00062479655, -0.4035781, 0.9999999]]
[[0.018769965, 0.99724674, 0.071739085, 0.0], [-0.9977617, 0.023288911, -0.06268322, 0.0], [-0.06418136, -0.07040197, 0.9954517, 0.0], [0.017097296, 0.0006101823, -0.40390646, 1.0]]
[[0.02041284, 0.99698144, 0.07490653, 0.0], [-0.9974766, 0.025403738, -0.06629221, 0.0], [-0.067995, -0.07336431, 0.9949844, 0.0], [0.017114416, 8.4171676e-05, -0.40501875, 1.0]]
[[0.01957207, 0.99692553, 0.07586967, 0.0], [-0.9974825, 0.02464334, -0.06649272, 0.0], [-0.068158, -0.07437727, 0.9948982, 0.0], [0.017216017, 0.00067092746, -0.4052893, 1.0]]]